PATH 50 50
0 0
1 0
1 1
1 2
2 2
3 2
3 3
3 4
4 4
5 4
6 4
7 4
8 4
8 3
8 2
9 2
10 2
11 2
12 2
12 3
12 4
12 5
12 6
13 6
14 6
15 6
15 7
16 7
16 8
16 9
15 9
15 8
14 8
14 9
14 10
15 10
16 10
17 10
17 11
18 11
19 11
20 11
20 12
20 13
21 13
22 13
23 13
24 13
25 13
25 14
25 15
26 15
27 15
28 15
28 16
29 16
30 16
30 17
31 17
31 18
30 18
30 19
30 20
30 21
30 22
30 23
31 23
31 24
31 25
31 26
31 27
31 28
32 28
32 29
32 30
31 30
31 31
31 32
30 32
29 32
29 31
28 31
27 31
27 30
26 30
26 31
26 32
25 32
25 31
24 31
24 32
23 32
23 33
23 34
24 34
25 34
26 34
26 35
27 35
27 36
27 37
28 37
29 37
29 38
30 38
30 39
29 39
29 40
29 41
30 41
31 41
32 41
33 41
33 40
34 40
34 39
34 38
35 38
35 39
36 39
37 39
37 38
38 38
39 38
40 38
41 38
42 38
43 38
43 39
43 40
43 41
43 42
43 43
44 43
45 43
46 43
46 44
47 44
47 43
48 43
48 44
48 45
49 45
49 46
49 47
49 48
49 49
