PATH 500 500
0 0
0 1
0 2
0 3
1 3
2 3
3 3
3 4
4 4
4 5
4 6
5 6
5 7
6 7
7 7
7 8
8 8
8 9
9 9
10 9
10 8
9 8
9 7
10 7
11 7
11 8
12 8
13 8
14 8
14 7
14 6
15 6
16 6
17 6
17 5
18 5
18 6
18 7
19 7
19 8
18 8
18 9
18 10
19 10
19 11
18 11
17 11
16 11
16 12
15 12
15 13
16 13
16 14
17 14
18 14
18 15
19 15
19 14
19 13
20 13
20 14
20 15
21 15
22 15
22 14
22 13
23 13
23 12
24 12
24 13
24 14
23 14
23 15
24 15
24 16
25 16
25 17
25 18
25 19
24 19
24 20
24 21
25 21
25 22
26 22
26 23
26 24
27 24
28 24
29 24
30 24
31 24
32 24
33 24
33 25
34 25
35 25
36 25
37 25
38 25
38 26
38 27
39 27
39 26
39 25
39 24
40 24
40 23
40 22
41 22
42 22
42 23
43 23
43 24
44 24
45 24
46 24
47 24
48 24
48 25
49 25
50 25
51 25
51 24
52 24
52 23
52 22
53 22
54 22
55 22
55 21
55 20
55 19
54 19
53 19
52 19
52 18
53 18
53 17
53 16
53 15
53 14
53 13
53 12
52 12
52 11
53 11
53 10
54 10
55 10
55 11
55 12
56 12
56 13
56 14
56 15
56 16
57 16
57 17
57 18
58 18
59 18
59 17
60 17
61 17
62 17
62 18
62 19
61 19
61 20
61 21
61 22
60 22
60 23
60 24
60 25
61 25
61 26
61 27
62 27
63 27
63 26
64 26
64 27
64 28
65 28
65 29
65 30
64 30
63 30
62 30
62 31
62 32
62 33
62 34
63 34
63 35
64 35
64 36
64 37
65 37
65 36
66 36
67 36
68 36
68 35
68 34
69 34
70 34
71 34
72 34
73 34
74 34
74 35
75 35
76 35
77 35
77 34
78 34
79 34
80 34
80 35
81 35
81 34
82 34
82 35
83 35
84 35
85 35
86 35
86 36
87 36
87 35
88 35
89 35
89 36
90 36
90 35
90 34
91 34
92 34
92 33
93 33
93 32
93 31
94 31
95 31
96 31
96 32
96 33
97 33
97 32
98 32
99 32
99 31
100 31
101 31
101 32
101 33
102 33
102 34
103 34
104 34
104 35
104 36
103 36
103 37
104 37
104 38
105 38
105 39
104 39
104 40
104 41
105 41
105 42
105 43
104 43
103 43
103 44
103 45
103 46
102 46
102 47
102 48
103 48
104 48
104 49
103 49
102 49
102 50
102 51
102 52
102 53
101 53
100 53
100 54
99 54
98 54
97 54
96 54
95 54
94 54
93 54
92 54
92 55
92 56
92 57
91 57
90 57
90 56
89 56
89 57
88 57
87 57
87 58
88 58
88 59
88 60
88 61
87 61
87 62
87 63
87 64
87 65
88 65
88 64
89 64
90 64
91 64
91 63
92 63
92 62
92 61
93 61
94 61
94 62
94 63
94 64
95 64
95 65
95 66
94 66
94 65
93 65
92 65
92 66
92 67
91 67
90 67
90 68
89 68
89 69
89 70
90 70
91 70
92 70
92 71
93 71
94 71
95 71
95 70
96 70
96 71
96 72
96 73
95 73
94 73
94 74
94 75
95 75
96 75
96 76
97 76
98 76
99 76
100 76
100 75
100 74
100 73
101 73
102 73
102 72
103 72
104 72
104 73
105 73
105 74
106 74
106 73
107 73
107 74
108 74
108 75
109 75
109 76
109 77
109 78
110 78
110 79
110 80
110 81
110 82
110 83
109 83
109 82
108 82
107 82
107 83
107 84
107 85
107 86
107 87
107 88
107 89
107 90
107 91
107 92
106 92
105 92
105 91
104 91
104 92
104 93
103 93
103 94
103 95
103 96
103 97
103 98
103 99
103 100
103 101
104 101
104 102
104 103
105 103
105 102
106 102
106 103
106 104
106 105
106 106
106 107
106 108
105 108
105 109
105 110
106 110
106 111
107 111
107 112
108 112
108 111
108 110
109 110
109 111
110 111
111 111
112 111
113 111
114 111
114 112
113 112
113 113
113 114
114 114
114 115
115 115
115 116
114 116
113 116
113 117
113 118
113 119
113 120
112 120
112 119
111 119
110 119
110 120
109 120
109 119
108 119
107 119
107 120
107 121
106 121
106 122
106 123
106 124
106 125
107 125
108 125
108 126
108 127
108 128
108 129
109 129
109 130
110 130
110 129
110 128
111 128
111 129
111 130
112 130
113 130
114 130
115 130
115 131
114 131
114 132
114 133
114 134
115 134
116 134
116 135
116 136
116 137
117 137
118 137
119 137
119 136
119 135
120 135
121 135
122 135
123 135
123 136
124 136
124 135
125 135
125 134
126 134
127 134
128 134
128 135
129 135
130 135
131 135
132 135
132 136
133 136
133 137
133 138
133 139
134 139
135 139
135 140
136 140
137 140
137 139
138 139
138 140
138 141
139 141
139 142
140 142
141 142
142 142
142 141
143 141
144 141
145 141
146 141
146 140
146 139
146 138
146 137
146 136
145 136
144 136
144 135
145 135
145 134
145 133
144 133
144 132
144 131
144 130
144 129
145 129
145 130
145 131
146 131
146 132
147 132
148 132
148 133
148 134
149 134
149 133
150 133
150 132
149 132
149 131
149 130
149 129
149 128
150 128
151 128
151 127
151 126
150 126
149 126
149 125
150 125
151 125
152 125
152 124
153 124
154 124
155 124
156 124
156 123
157 123
158 123
159 123
159 122
159 121
158 121
158 120
158 119
159 119
159 120
160 120
161 120
162 120
162 119
162 118
163 118
163 117
163 116
163 115
164 115
165 115
165 116
165 117
165 118
165 119
165 120
166 120
166 119
167 119
167 118
167 117
167 116
166 116
166 115
166 114
167 114
167 115
168 115
169 115
169 116
170 116
171 116
171 117
171 118
171 119
170 119
170 120
169 120
169 121
170 121
170 122
170 123
171 123
172 123
173 123
174 123
175 123
176 123
176 122
175 122
174 122
174 121
174 120
175 120
175 119
175 118
175 117
176 117
176 116
177 116
177 115
178 115
178 114
178 113
178 112
178 111
178 110
178 109
179 109
180 109
180 108
181 108
181 109
182 109
182 108
182 107
183 107
184 107
185 107
185 106
185 105
185 104
185 103
186 103
186 102
186 101
187 101
187 100
187 99
188 99
188 100
188 101
189 101
190 101
190 100
191 100
192 100
192 101
193 101
194 101
194 102
195 102
195 101
196 101
196 100
196 99
197 99
197 98
197 97
198 97
198 96
198 95
198 94
199 94
199 95
199 96
200 96
201 96
201 95
201 94
202 94
203 94
203 95
203 96
203 97
203 98
203 99
203 100
204 100
204 101
205 101
206 101
206 102
206 103
207 103
207 104
208 104
208 105
208 106
208 107
209 107
209 108
209 109
209 110
209 111
210 111
210 110
210 109
211 109
211 110
211 111
211 112
211 113
212 113
213 113
213 114
213 115
213 116
214 116
214 117
215 117
215 118
215 119
214 119
214 120
213 120
213 121
214 121
214 122
215 122
215 121
216 121
216 122
217 122
218 122
218 123
217 123
216 123
216 124
215 124
215 125
216 125
217 125
218 125
219 125
219 126
220 126
220 127
220 128
221 128
222 128
223 128
223 127
223 126
224 126
225 126
226 126
226 127
227 127
227 126
227 125
226 125
226 124
226 123
227 123
228 123
228 124
229 124
229 123
230 123
230 124
231 124
232 124
233 124
233 125
233 126
233 127
233 128
232 128
232 129
233 129
233 130
233 131
232 131
232 132
233 132
233 133
233 134
234 134
235 134
236 134
236 135
237 135
238 135
238 134
238 133
238 132
238 131
238 130
239 130
239 129
240 129
241 129
242 129
243 129
243 130
244 130
245 130
245 129
246 129
246 128
247 128
248 128
248 127
247 127
247 126
247 125
247 124
247 123
248 123
249 123
249 124
249 125
248 125
248 126
249 126
250 126
250 127
251 127
251 128
252 128
253 128
253 129
254 129
254 128
255 128
255 129
255 130
256 130
257 130
257 131
256 131
256 132
257 132
258 132
259 132
260 132
260 131
261 131
262 131
262 132
263 132
263 131
263 130
263 129
264 129
265 129
265 128
266 128
267 128
267 127
268 127
269 127
269 126
270 126
270 127
271 127
271 128
271 129
272 129
272 130
273 130
274 130
275 130
275 131
276 131
277 131
277 132
278 132
278 133
279 133
279 132
280 132
280 133
280 134
281 134
281 133
282 133
282 134
282 135
282 136
283 136
283 137
283 138
284 138
285 138
286 138
286 137
287 137
287 136
288 136
289 136
290 136
291 136
292 136
292 135
292 134
293 134
294 134
295 134
295 135
295 136
296 136
296 137
295 137
294 137
293 137
293 138
293 139
294 139
294 140
295 140
296 140
297 140
297 141
296 141
296 142
295 142
294 142
293 142
292 142
292 143
291 143
291 144
291 145
291 146
291 147
291 148
290 148
289 148
289 147
288 147
288 146
287 146
287 147
287 148
287 149
288 149
289 149
289 150
290 150
290 151
290 152
291 152
292 152
292 153
293 153
293 152
294 152
294 153
294 154
295 154
296 154
296 155
297 155
297 154
297 153
298 153
298 154
298 155
298 156
299 156
300 156
300 157
301 157
301 156
302 156
303 156
303 157
304 157
304 156
305 156
305 155
305 154
305 153
306 153
307 153
308 153
308 152
309 152
309 151
309 150
308 150
308 149
308 148
309 148
309 147
310 147
311 147
311 146
312 146
313 146
314 146
314 145
315 145
316 145
316 146
317 146
318 146
318 145
318 144
319 144
319 145
320 145
320 146
321 146
322 146
323 146
323 145
323 144
324 144
324 145
324 146
325 146
326 146
327 146
328 146
328 145
329 145
330 145
331 145
331 146
331 147
332 147
333 147
334 147
335 147
335 146
336 146
337 146
337 147
338 147
339 147
340 147
341 147
341 146
340 146
340 145
341 145
341 144
342 144
343 144
344 144
344 145
344 146
345 146
345 147
346 147
346 148
346 149
346 150
345 150
345 151
344 151
344 152
344 153
344 154
344 155
345 155
346 155
346 154
347 154
347 155
348 155
348 156
347 156
347 157
348 157
349 157
350 157
350 158
349 158
349 159
349 160
349 161
350 161
351 161
351 160
352 160
352 161
353 161
353 162
353 163
353 164
354 164
354 163
354 162
355 162
355 161
356 161
357 161
357 160
358 160
358 159
358 158
359 158
359 157
359 156
360 156
361 156
361 155
361 154
362 154
363 154
363 153
364 153
365 153
365 152
365 151
364 151
364 150
364 149
363 149
362 149
362 148
362 147
363 147
363 148
364 148
364 147
365 147
366 147
366 146
367 146
367 147
367 148
368 148
368 147
368 146
368 145
369 145
370 145
371 145
371 146
372 146
373 146
373 145
373 144
373 143
374 143
374 144
375 144
375 145
375 146
376 146
376 147
375 147
375 148
375 149
375 150
376 150
377 150
377 151
378 151
379 151
379 152
379 153
378 153
378 154
378 155
378 156
378 157
379 157
379 158
378 158
377 158
377 159
377 160
377 161
378 161
379 161
379 162
379 163
380 163
380 164
381 164
381 165
382 165
382 164
382 163
382 162
383 162
384 162
384 161
385 161
385 162
385 163
385 164
385 165
386 165
386 166
386 167
386 168
385 168
385 169
384 169
384 170
384 171
383 171
382 171
382 172
382 173
383 173
384 173
385 173
385 174
386 174
387 174
387 175
387 176
387 177
386 177
386 178
387 178
387 179
386 179
386 180
386 181
387 181
388 181
388 182
388 183
389 183
389 184
390 184
391 184
391 185
391 186
392 186
392 187
393 187
393 186
393 185
393 184
394 184
395 184
396 184
396 185
397 185
397 186
397 187
397 188
398 188
399 188
400 188
400 189
400 190
400 191
401 191
401 192
402 192
402 193
402 194
402 195
401 195
401 194
400 194
400 195
399 195
399 196
399 197
398 197
398 198
397 198
397 199
396 199
395 199
394 199
394 200
395 200
395 201
396 201
397 201
398 201
399 201
400 201
400 202
400 203
400 204
400 205
401 205
401 206
401 207
401 208
402 208
402 209
402 210
402 211
402 212
402 213
402 214
403 214
404 214
405 214
405 215
404 215
404 216
404 217
404 218
403 218
402 218
402 217
401 217
400 217
400 218
399 218
399 217
398 217
397 217
397 218
397 219
397 220
397 221
397 222
396 222
395 222
395 223
394 223
393 223
392 223
392 224
392 225
392 226
393 226
393 227
393 228
393 229
394 229
394 230
394 231
393 231
392 231
391 231
390 231
390 230
389 230
389 231
388 231
388 232
388 233
388 234
388 235
388 236
389 236
389 237
390 237
390 238
390 239
391 239
391 240
391 241
391 242
390 242
390 243
390 244
389 244
389 245
389 246
388 246
387 246
387 247
388 247
388 248
388 249
388 250
388 251
387 251
386 251
386 250
385 250
385 251
385 252
384 252
383 252
382 252
381 252
381 251
380 251
379 251
379 250
378 250
377 250
376 250
376 249
377 249
377 248
377 247
378 247
378 246
377 246
377 245
377 244
377 243
376 243
376 242
376 241
376 240
376 239
375 239
375 238
374 238
374 239
373 239
372 239
372 240
372 241
372 242
371 242
371 241
370 241
370 240
370 239
369 239
369 240
369 241
369 242
368 242
367 242
366 242
366 243
366 244
366 245
365 245
364 245
364 244
364 243
363 243
362 243
362 242
361 242
361 241
362 241
362 240
362 239
361 239
360 239
360 240
360 241
359 241
358 241
357 241
357 242
356 242
356 243
357 243
358 243
358 244
358 245
357 245
357 246
358 246
359 246
359 247
359 248
359 249
359 250
358 250
358 251
358 252
358 253
358 254
358 255
358 256
358 257
358 258
358 259
359 259
359 260
359 261
358 261
358 262
358 263
357 263
356 263
356 264
355 264
355 263
354 263
354 264
354 265
354 266
354 267
354 268
353 268
353 269
352 269
352 270
352 271
353 271
353 272
353 273
353 274
353 275
354 275
354 276
355 276
356 276
356 277
355 277
355 278
355 279
355 280
355 281
355 282
356 282
356 283
357 283
357 284
358 284
359 284
360 284
360 285
361 285
361 284
361 283
362 283
363 283
364 283
364 282
364 281
365 281
366 281
367 281
367 282
367 283
368 283
369 283
369 284
370 284
371 284
372 284
373 284
373 285
372 285
372 286
372 287
372 288
372 289
372 290
373 290
373 289
374 289
374 290
375 290
375 291
375 292
374 292
373 292
372 292
371 292
371 293
370 293
370 294
369 294
368 294
368 295
368 296
368 297
368 298
368 299
368 300
367 300
367 301
367 302
367 303
366 303
366 304
366 305
366 306
366 307
366 308
366 309
365 309
365 308
365 307
364 307
364 308
363 308
363 309
363 310
362 310
361 310
360 310
359 310
358 310
358 311
357 311
357 312
357 313
358 313
359 313
359 314
360 314
360 315
360 316
360 317
360 318
361 318
361 319
362 319
363 319
363 320
363 321
363 322
364 322
365 322
366 322
366 323
366 324
366 325
367 325
367 326
367 327
367 328
367 329
368 329
369 329
369 330
370 330
371 330
371 331
372 331
373 331
373 330
374 330
374 329
375 329
375 328
375 327
374 327
374 326
375 326
376 326
377 326
378 326
378 325
379 325
380 325
381 325
382 325
383 325
384 325
385 325
386 325
386 326
387 326
388 326
388 327
389 327
390 327
390 326
391 326
391 327
392 327
392 328
391 328
391 329
391 330
392 330
392 331
392 332
391 332
390 332
389 332
388 332
387 332
387 331
386 331
385 331
385 332
385 333
386 333
386 334
385 334
385 335
386 335
386 336
386 337
385 337
385 338
386 338
386 339
386 340
386 341
386 342
385 342
384 342
384 343
384 344
384 345
383 345
383 346
383 347
382 347
382 348
382 349
381 349
381 350
380 350
380 351
381 351
381 352
380 352
380 353
379 353
378 353
377 353
376 353
375 353
375 354
374 354
374 355
374 356
375 356
375 357
375 358
374 358
373 358
373 357
372 357
372 358
372 359
373 359
374 359
374 360
374 361
374 362
375 362
375 361
376 361
377 361
378 361
378 362
378 363
378 364
378 365
377 365
376 365
375 365
375 366
374 366
373 366
372 366
371 366
370 366
370 367
369 367
368 367
368 368
367 368
367 367
366 367
366 368
365 368
365 369
364 369
363 369
362 369
361 369
361 370
360 370
360 371
360 372
359 372
358 372
358 373
357 373
357 372
356 372
355 372
355 371
354 371
354 370
354 369
354 368
354 367
354 366
355 366
355 365
354 365
353 365
353 364
352 364
352 365
352 366
352 367
351 367
351 368
350 368
349 368
349 369
349 370
349 371
349 372
350 372
350 373
350 374
350 375
351 375
352 375
353 375
353 376
353 377
353 378
354 378
355 378
355 379
355 380
355 381
355 382
355 383
356 383
356 384
357 384
358 384
358 383
359 383
360 383
361 383
362 383
363 383
364 383
364 384
364 385
364 386
365 386
365 387
366 387
366 388
367 388
368 388
368 389
369 389
369 388
370 388
370 389
371 389
372 389
373 389
373 390
374 390
374 389
375 389
375 388
376 388
376 389
377 389
377 390
378 390
379 390
379 391
380 391
381 391
381 390
381 389
381 388
381 387
382 387
383 387
383 388
383 389
384 389
385 389
385 388
386 388
387 388
387 389
388 389
389 389
390 389
391 389
391 388
392 388
392 387
392 386
392 385
391 385
391 386
390 386
390 385
389 385
389 384
389 383
390 383
390 382
391 382
391 381
390 381
390 380
389 380
389 379
390 379
390 378
391 378
391 377
391 376
391 375
390 375
389 375
388 375
387 375
387 374
386 374
385 374
385 373
385 372
384 372
383 372
383 371
383 370
384 370
385 370
386 370
386 369
387 369
388 369
388 370
389 370
390 370
391 370
391 369
392 369
393 369
394 369
394 370
395 370
395 369
396 369
397 369
397 370
396 370
396 371
397 371
398 371
399 371
400 371
400 370
400 369
401 369
401 370
402 370
403 370
404 370
404 371
405 371
406 371
407 371
407 372
407 373
408 373
408 374
408 375
409 375
409 376
409 377
410 377
411 377
411 378
411 379
411 380
411 381
411 382
412 382
412 383
413 383
414 383
414 384
414 385
414 386
415 386
416 386
417 386
417 385
416 385
415 385
415 384
415 383
416 383
417 383
417 382
417 381
416 381
416 380
417 380
418 380
418 379
419 379
420 379
420 378
421 378
422 378
423 378
424 378
424 379
425 379
426 379
426 380
427 380
427 381
427 382
428 382
429 382
429 383
429 384
430 384
430 385
430 386
431 386
431 385
432 385
432 386
432 387
433 387
433 386
434 386
434 385
435 385
435 386
436 386
437 386
437 385
437 384
438 384
439 384
439 383
440 383
440 384
441 384
441 383
442 383
442 384
443 384
443 383
443 382
444 382
445 382
445 383
445 384
445 385
446 385
447 385
447 386
448 386
448 387
448 388
449 388
449 389
450 389
451 389
452 389
452 388
453 388
453 389
453 390
453 391
453 392
452 392
452 393
452 394
451 394
450 394
450 395
450 396
450 397
450 398
450 399
450 400
449 400
448 400
447 400
447 401
446 401
445 401
445 402
445 403
446 403
446 404
446 405
446 406
447 406
448 406
448 407
449 407
450 407
450 408
450 409
449 409
448 409
448 410
447 410
446 410
446 411
446 412
446 413
447 413
447 414
446 414
445 414
444 414
444 413
444 412
443 412
442 412
441 412
441 411
440 411
439 411
438 411
437 411
437 412
436 412
436 413
436 414
437 414
438 414
439 414
439 415
439 416
438 416
437 416
436 416
435 416
435 417
436 417
436 418
436 419
435 419
435 420
435 421
435 422
435 423
436 423
436 422
437 422
437 423
438 423
439 423
439 424
439 425
439 426
438 426
437 426
436 426
435 426
434 426
433 426
432 426
431 426
430 426
430 427
430 428
430 429
429 429
428 429
427 429
426 429
426 428
426 427
425 427
425 428
425 429
424 429
423 429
422 429
422 430
422 431
422 432
422 433
421 433
421 434
422 434
422 435
423 435
424 435
424 436
425 436
425 437
426 437
427 437
428 437
429 437
430 437
431 437
431 438
431 439
432 439
433 439
434 439
435 439
435 440
436 440
437 440
437 441
437 442
438 442
439 442
440 442
441 442
441 441
442 441
443 441
443 442
444 442
444 443
444 444
444 445
443 445
442 445
442 446
441 446
441 447
442 447
442 448
443 448
443 447
444 447
445 447
446 447
446 446
446 445
447 445
447 444
447 443
447 442
448 442
449 442
449 443
450 443
451 443
451 444
452 444
453 444
453 445
454 445
455 445
456 445
456 444
455 444
455 443
454 443
454 442
454 441
454 440
454 439
453 439
453 438
454 438
454 437
454 436
454 435
455 435
455 434
456 434
456 433
456 432
457 432
458 432
459 432
459 433
459 434
460 434
461 434
461 433
462 433
463 433
464 433
464 432
465 432
465 433
466 433
467 433
468 433
469 433
469 432
469 431
469 430
470 430
471 430
471 431
472 431
472 432
471 432
471 433
471 434
472 434
472 435
472 436
473 436
474 436
475 436
475 435
476 435
476 434
477 434
478 434
479 434
480 434
480 435
481 435
482 435
482 436
483 436
484 436
484 437
485 437
485 438
485 439
485 440
485 441
486 441
486 442
485 442
485 443
485 444
484 444
484 445
485 445
486 445
487 445
487 446
488 446
488 447
488 448
488 449
489 449
490 449
490 450
490 451
489 451
489 452
488 452
487 452
487 453
487 454
487 455
488 455
488 456
487 456
486 456
485 456
485 457
486 457
486 458
486 459
487 459
488 459
488 460
488 461
488 462
487 462
487 463
487 464
486 464
485 464
485 463
484 463
483 463
483 462
483 461
482 461
482 460
481 460
480 460
479 460
478 460
477 460
476 460
475 460
474 460
474 461
475 461
476 461
476 462
477 462
477 463
478 463
478 464
478 465
477 465
477 466
477 467
477 468
476 468
475 468
474 468
474 469
474 470
475 470
475 471
475 472
476 472
476 473
476 474
476 475
476 476
476 477
475 477
474 477
474 476
473 476
473 475
472 475
472 474
471 474
470 474
470 475
470 476
469 476
469 477
469 478
469 479
469 480
468 480
468 481
469 481
469 482
470 482
471 482
471 483
471 484
472 484
472 485
473 485
473 486
473 487
473 488
473 489
474 489
474 488
474 487
475 487
475 486
476 486
476 485
477 485
478 485
478 484
479 484
480 484
481 484
481 483
480 483
480 482
481 482
482 482
482 481
482 480
482 479
483 479
484 479
484 478
484 477
485 477
486 477
487 477
488 477
488 478
488 479
488 480
488 481
489 481
489 482
490 482
491 482
492 482
492 481
493 481
493 482
493 483
494 483
494 484
493 484
493 485
493 486
493 487
493 488
493 489
493 490
492 490
491 490
491 491
490 491
490 492
489 492
489 493
490 493
490 494
490 495
490 496
491 496
492 496
493 496
494 496
494 495
494 494
495 494
496 494
497 494
497 495
498 495
498 496
499 496
499 497
498 497
498 498
499 498
499 499
